R2: -15.31903720118521 
MAPE: 0.07843586482629682