R2: -0.7802854540653834 
MAPE: 0.023291369082508957