R2: -492.4517838075566 
MAPE: 0.36421781904963635