R2: -6.097571140668244 
MAPE: 0.0571694842270051