R2: -41.860628107620684 
MAPE: 0.12719674454023097